88159
66127
71500
59372
97356
31813
58538
91555
64368
93218
12825
42007
86804
48226
64901
23552
25535
93958
22369
15345
35777
56811
40781
31307
91488
77367
87964
74126
34025
56705
95859
33941
78232
26458
95140
38239
28807
79031
93268
45263
12446
35553
48370
97373
60564
37870
61416
54388
41572
10498
53226
87689
97795
80217
61150
65150
35662
21936
53640
60440
10153
24947
94719
56113
60158
16511
43996
24204
32322
29486
44613
21869
22633
64685
51857
65477
55265
27449
57282
98429
44599
55836
35761
16770
88443
73799
54283
36745
72055
23208
76062
69239
35416
58855
78700
49820
74221
84453
73522
53956
85421
82349
36383
59873
52931
51511
71396
86214
89366
81114
87716
48314
95810
83319
33704
84043
63438
22956
23334
79068
19690
35098
21016
39693
79683
10884
84894
15097
47644
27336
64921
42698
11114
94765
80308
46222
70654
21252
31201
42720
99750
26996
28394
62128
90460
82862
49218
15265
20786
74074
66198
89660
43653
81085
49857
13425
26655
96465
54546
84929
71679
87771
96928
40616
82726
43422
47920
96065
56557
54883
11419
92089
19233
97536
43703
10974
45383
70045
94537
55877
80630
11307
69350
32900
57995
45541
31424
51042
72314
76936
93651
28102
22350
73526
19991
29351
46898
73110
80101
38839
67376
11250
71912
41511
94061
18177
54020
34136
70077
91399
86988
58041
62066
69820
41345
74352
10396
73973
80283
78598
45256
84757
59636
98967
84663
44986
79880
99523
58686
36592
44131
81984
50809
38038
77551
44225
19856
81386
63653
85880
83695
51486
58871
67122
24053
53285
96127
23320
34681
27726
16021
65391
15118
74533
75277
84593
74592
27084
64479
88721
46709
38685
77305
58118
95228
35865
56841
27061
33156
95075
62673
62236
19545
32657
28914
43029
99724
38488
82519
73670
25813
52085
58873
43443
90391
21742
87685
45047
63658
87042
97610
62138
93425
72887
28524
73240
27736
85013
51161
59013
77441
51356
64926
14614
64123
95766
19177
85072
50207
29207
39903
11221
68381
60130
85523
98173
75760
30335
49433
79644
77896
71894
25322
89785
33104
53782
82382
38821
51537
62183
78616
29979
80974
85084
87281
94553
75450
14527
51616
46835
97084
64764
57256
19078
65241
38149
93011
62890
21483
85614
92234
74713
49473
33659
38796
76905
76648
16741
54599
78356
86805
50808
50391
88883
62179
33353
81785
16293
62340
54157
87672
80352
76156
50132
15103
56164
71178
33097
58056
33197
93106
83490
95888
80441
80490
45307
87163
19609
15632
19571
43672
30584
80118
35514
20159
64490
26736
20795
90740
91977
70776
96040
77391
27885
43539
37740
58943
83210
81377
49532
42816
71322
32883
71221
62210
76602
98153
67439
82076
93499
64706
22740
65169
71871
45115
82873
33206
98384
36085
81241
87733
92538
43155
81416
61679
78717
58807
80998
69412
44954
70765
53655
55574
77261
85616
71446
76456
78574
82146
97870
85579
95238
78545
91410
40694
48255
33348
93578
41035
12384
69551
14889
88821
36209
69726
24390
13896
32471
10809
18458
59760
30623
51481
60615
76260
37428
58479
29702
73937
43765
92144
41161
58835
27102
50288
51204
32892
78796
48103
63255
36536
67969
89577
51340
67495
29763
42095
28992
58266
28171
62901
21074
42094
56348
22106
84597
84863
41265
94940
70259
27704
79769
98226
18246
49638
51318
17410
50581
68352
61068
73802
69088
11021
82934
94484
38669
45048
40598
68611
50442
27021
13689
20611
20756
81192
27151
30316
92426
79502
81129
49419
65108
80078
63004
26621
96890
83420
68978
91535
22260
62003
64231
11049
25620
42551
37404
28109
65182
41849
86207
89745
47210
77033
93743
54562
46606
25591
21263
12526
42338
66957
48964
47921
74995
37898
85693
97252
71510
29057
57360
53937
96328
99768
73658
63944
97204
67971
52693
51996
86746
93693
96173
46002
18153
47169
49412
22919
89828
90251
14783
21859
42703
35131
90912
93601
38731
11292
20477
25767
62735
83894
36112
32137
29604
48810
56777
12213
37252
60155
73835
78092
73171
27781
23586
65932
41892
84171
59773
42717
88033
33942
30170
69779
34772
41471
12602
51464
63864
56803
78946
78682
38404
93697
95263
35971
40496
18275
63488
47279
76235
47024
48204
79902
75899
52856
28994
71721
18168
83711
32006
92154
90072
63381
43597
51845
84240
29845
29665
38183
31510
74161
44839
75010
52677
81038
15795
39594
25796
26874
55168
55185
98790
68926
83458
37534
98776
94489
10262
87451
32873
17617
26559
39737
21085
18762
49950
66246
65251
83333
36349
47515
80598
77068
59829
39528
50483
89651
80854
35965
10669
22619
81626
63775
20340
40518
79300
61602
43012
26410
58487
29158
73076
31717
68560
43265
64920
37627
41958
37490
48671
72182
74060
51112
29722
82027
79573
60561
58802
40315
94396
47412
19752
20776
24416
17412
88457
77431
37881
23851
19649
21997
92991
76508
55024
35268
76772
98401
69719
33867
55130
86316
67472
13598
64756
66192
86834
82334
67170
84231
77374
48383
97816
46418
97432
20025
34972
48710
30124
63947
25216
46726
25921
15920
96199
96692
90194
92917
84214
87917
98473
31968
31595
55719
53818
88460
66241
44832
41180
48361
79072
30967
76751
76045
37103
15606
57469
84158
90686
75406
56855
92362
17352
94670
30000
34318
81549
60355
11818
41503
45450
54432
96755
59272
45804
57824
13945
91621
16200
15654
91263
75440
37618
96220
45607
48232
68800
95389
72565
28645
99370
74801
66856
31999
19479
36037
60422
15307
14192
16843
73780
64745
25844
52914
30770
51346
33712
82755
76698
37579
25222
14062
18909
17026
45348
12359
68378
38479
62163
28793
38243
23826
18188
63539
23219
63340
54052
93228
44206
36133
41530
40284
36346
30658
56819
88997
33509
18435
20226
40327
39477
76470
86141
37722
53557
16383
33676
90392
27165
79430
30520
46091
85276
17485
52339
84120
23386
48691
46723
52862
42302
96073
50688
78870
98556
86753
60959
97912
78962
52275
26878
64365
99416
74224
68066
65395
88612
83360
44922
96441
17712
66187
13154
40880
44633
40221
58940
44059
90113
65493
95117
52824
92260
91949
38337
12052
65455
38658
75169
99211
49401
85347
15047
51218
73700
64801
64009
20001
84865
91981
19331
77256
77609
15665
75269
54877
43011
83602
25228
11436
83907
73844
30916
11172
81604
52336
74379
29776
68162
72301
92824
51228
37730
12279
76474
91839
89102
12556
97704
62691
65407
30263
43102
42086
68749
78146
38711
90949
82510
21910
38235
