51481
31794
84893
58807
27409
76811
17103
61602
29057
29845
90912
74860
22288
41327
11672
90973
47024
81020
12446
11937
54941
12354
95999
40172
82862
22223
82070
93233
10159
98596
86168
24708
30124
71886
75357
69088
41572
31288
30124
38984
58807
53820
97535
68180
80931
50229
37490
62859
95623
28807
86218
16054
29845
14003
41572
45813
50581
28176
19521
29845
73124
61602
82862
35462
12446
55130
68926
33490
21742
81363
49177
37110
60158
14025
58940
51481
85464
60615
90912
30164
74746
41572
10520
90768
47024
96896
11223
37490
29116
98166
68978
12446
29845
28807
50581
65493
46522
64123
42813
36823
44071
28807
90912
79880
66755
41572
68077
64123
37490
69088
60615
82862
51481
64039
44006
75826
55130
20936
23969
92145
60158
37490
73557
12173
57580
42795
92497
71651
69088
30124
41065
27274
85693
83157
69088
34636
12446
69088
60170
37304
42777
29845
37490
48607
90033
66739
40284
18834
64123
57157
60615
72396
40822
31745
24362
85693
12966
22944
84491
47359
58940
30084
47024
39175
91399
21966
62593
50581
35920
64123
44113
96078
29057
15362
93300
45191
83413
47893
85963
57815
50968
88478
87753
58940
58807
94944
90186
85693
74743
35712
29154
73346
36252
12446
24425
51369
90912
40189
77193
16145
91399
47024
88299
14749
64768
84343
68080
58940
97889
65493
56633
61706
29845
67783
81923
30263
96314
30449
77731
50935
91037
28807
26232
20807
80838
12446
68451
50581
63927
77535
60615
35964
30124
41392
28818
91399
16346
30263
41572
44359
40838
83253
42663
40889
47024
28807
26162
11759
21742
32701
94484
25875
21742
97303
28807
93094
24189
17154
52795
48296
77926
86152
18703
64123
21742
85693
61602
11160
58884
61602
62920
50581
75640
51481
61602
29333
69088
81952
41572
15253
41316
89329
94484
23458
63012
46006
64123
63653
77305
91399
21389
29845
17097
48441
56284
60158
29845
32754
58807
61602
60158
68978
79276
61089
60615
55863
57996
24590
12446
63379
27599
12456
82309
41647
34848
66840
65493
29845
30657
81904
38729
14005
86650
89651
87070
20169
22858
61206
95593
29845
68693
58940
50647
60615
84459
75854
37490
85693
41572
52088
64123
50276
37490
85693
91405
58940
94016
12446
21742
41572
85693
30263
57120
68978
74075
32312
28807
33725
47439
30263
20074
86000
80866
65493
14674
96172
87532
60578
12544
73220
34082
62489
82862
48336
89651
51481
21200
48247
58940
97717
58807
56990
32626
91399
77305
64138
35282
92457
37592
63653
91024
27172
60112
66013
31841
69374
86253
60615
88354
29845
77305
70863
12446
74312
53870
50158
65493
85693
93139
68479
23988
71226
63407
20406
55130
49389
54312
53498
66843
21742
52692
86324
98212
58807
91399
37490
29458
41572
29057
11704
52409
85380
87406
88183
41717
91399
40284
10270
83586
29789
35112
68978
83623
79880
28807
72633
13356
28774
40284
41572
37490
28002
55130
60615
89651
20946
93402
93113
77220
60615
25521
45701
14762
29057
82862
58940
90912
39529
61602
84756
68731
64123
60615
83337
89651
98024
50581
51481
34194
57420
37560
90912
51481
12446
28807
61602
60325
37535
88625
37330
12446
50581
16980
65493
30124
49209
64123
83460
89651
12446
40002
31576
58940
58807
94379
40911
11817
30263
46502
84999
79394
60615
31180
28807
48644
30249
29057
69088
62040
12845
11560
78556
29121
57912
37048
44130
22193
31455
41572
87759
64123
58940
50581
37729
53025
79880
16292
47028
68324
55130
54193
40284
14766
84962
80066
86315
39576
28807
79135
67993
58807
82862
84103
90912
28283
42800
34836
36478
60615
34873
41190
64123
59912
46675
61602
37490
65624
72884
42845
89651
42507
94173
41572
37490
84123
81027
94484
51481
41572
30124
55130
53134
43470
45825
23238
82198
29290
96297
75994
54618
19228
96139
64123
72197
22265
18020
95524
47283
37490
51692
35331
58807
68765
81121
29845
96444
41066
40810
30124
20997
38722
61602
18658
81626
64504
90912
55130
77574
83875
30263
85693
99077
69088
33465
58940
51472
60615
41572
55130
41572
52236
74015
96941
69088
59150
14594
41357
37490
40758
29774
29463
40907
62354
49150
81529
43244
59865
60615
92828
40284
40284
57655
94484
95207
30124
91292
60800
92977
47489
61602
58940
44164
40012
37490
45941
65493
75471
87955
21742
12446
96025
77305
70166
41776
11871
81538
19065
20619
64562
41572
95308
94033
21742
50000
74710
60615
50636
51481
65769
58807
69088
91399
46082
37262
24816
89651
33005
70635
87445
86441
60615
18073
94675
19580
45761
75915
89651
74471
69561
29862
50283
65493
85693
54509
30263
54529
76356
90529
61768
21742
51796
93540
74487
33520
69375
24114
43323
55130
58456
60988
60858
51260
93811
28822
50581
99189
66195
58807
48647
82862
29261
25518
36674
41089
53003
85693
66884
98363
81626
37490
46319
28807
28807
98652
58807
58698
89174
50581
25013
25257
51593
97797
71334
58940
21075
50581
31418
54080
85175
55736
69997
35083
44008
68978
29618
29353
95722
91399
54320
30263
95433
97266
60615
21742
89779
46309
99346
51481
39494
29845
81502
58940
90334
82862
80373
85437
70606
38325
78426
61602
98006
64123
80845
82116
36062
90912
58807
58940
82862
98351
46375
97370
27780
37490
58940
60192
58807
41302
64123
81638
64123
90912
82127
87874
32206
65963
89651
41572
81867
60158
58807
58403
81196
99616
70659
39888
62350
61038
34788
61602
11729
53836
93270
30680
91399
30124
71243
81519
66313
66984
28807
65228
12446
39758
80335
40284
91125
25380
63653
85693
36163
92367
91399
87244
63763
55130
43114
37396
60615
85693
36315
95534
81681
39453
89651
30124
73865
89651
43720
37490
96458
57131
90912
52705
27309
84165
61332
60615
40311
23764
40284
75847
87469
30936
92010
72824
89651
90912
69088
89556
32519
47024
58940
40284
58906
21925
11212
45689
32602
51481
21951
58807
61602
33798
12446
45398
44045
78785
88265
23157
96781
30124
58165
85281
64123
89651
51481
60158
82946
71313
21728
13482
90912
60158
33194
26653
89552
87601
60615
58940
28807
32814
57396
34999
18581
76166
50581
37490
65985
74047
63826
14813
44570
49613
16661
81630
30124
85693
55200
46485
51481
30263
33198
28807
65701
23690
31675
50009
85693
75165
91399
51076
12446
51481
81312
97494
41572
51481
20320
81862
82862
29845
89300
58807
16960
49965
23352
20153
80924
29057
40253
21122
21742
41572
97896
37490
42627
25811
29845
16463
